5056
0 2
1 0
2 52
3 2
4 0
5 188
6 229
7 129
8 36
9 252
10 195
11 200
12 192
13 224
14 192
15 130
16 230
17 8
18 70
19 112
20 6
21 229
22 130
23 69
24 131
25 96
26 18
27 24
28 229
29 130
30 150
31 245
32 130
33 8
34 229
35 131
36 150
37 66
38 130
39 8
40 229
41 240
42 150
43 69
44 130
45 208
46 130
47 200
48 208
49 224
50 200
51 34
52 117
53 129
54 108
55 18
56 18
57 166
58 229
59 130
60 96
61 3
62 2
63 0
64 3
65 121
66 0
67 233
68 68
69 0
70 96
71 27
72 122
73 0
74 144
75 19
76 192
77 120
78 1
79 117
80 160
81 0
82 228
83 147
84 242
85 163
86 8
87 184
88 0
89 2
90 5
91 160
92 217
93 244
94 218
95 242
96 117
97 160
98 255
99 228
100 120
101 255
102 246
103 216
104 253
105 120
106 0
107 232
108 68
109 0
110 96
111 10
112 121
113 1
114 117
115 160
116 0
117 228
118 243
119 9
120 216
121 252
122 120
123 0
124 232
125 68
126 0
127 96
128 12
129 121
130 0
131 144
132 0
133 1
134 228
135 240
136 163
137 216
138 252
139 217
140 250
141 2
142 0
143 3
144 117
145 176
146 222
147 117
148 160
149 222
150 117
151 144
152 222
153 117
154 128
155 222
156 117
157 176
158 173
159 117
160 160
161 173
162 117
163 144
164 173
165 117
166 128
167 173
168 117
169 176
170 0
171 117
172 160
173 0
174 117
175 144
176 0
177 117
178 128
179 0
180 128
181 254
182 117
183 128
184 0
185 2
186 0
187 144
188 117
189 24
190 0
191 18
192 8
193 76
194 117
195 93
196 6
197 117
198 94
199 254
200 117
201 95
202 0
203 144
204 254
205 2
206 117
207 240
208 0
209 18
210 7
211 3
212 144
213 254
214 2
215 116
216 0
217 240
218 116
219 192
220 163
221 240
222 144
223 254
224 4
225 116
226 0
227 240
228 116
229 225
230 163
231 240
232 117
233 93
234 6
235 117
236 94
237 254
238 117
239 95
240 0
241 144
242 254
243 2
244 117
245 240
246 0
247 18
248 5
249 185
250 117
251 93
252 248
253 117
254 94
255 249
256 117
257 95
258 0
259 144
260 249
261 240
262 117
263 240
264 0
265 18
266 7
267 3
268 117
269 93
270 5
271 117
272 94
273 253
274 117
275 95
276 0
277 144
278 253
279 2
280 117
281 240
282 0
283 18
284 7
285 3
286 144
287 253
288 2
289 116
290 0
291 240
292 116
293 226
294 163
295 240
296 228
297 163
298 240
299 117
300 93
301 5
302 117
303 94
304 253
305 245
306 95
307 144
308 253
309 2
310 117
311 240
312 0
313 18
314 5
315 185
316 117
317 93
318 0
319 117
320 94
321 192
322 117
323 95
324 0
325 117
326 96
327 0
328 117
329 97
330 225
331 117
332 98
333 0
334 144
335 226
336 0
337 117
338 240
339 0
340 18
341 8
342 108
343 229
344 130
345 112
346 9
347 144
348 18
349 190
350 117
351 240
352 128
353 2
354 0
355 182
356 117
357 93
358 0
359 117
360 94
361 80
362 117
363 95
364 0
365 144
366 48
367 0
368 117
369 240
370 0
371 18
372 7
373 3
374 117
375 93
376 0
377 117
378 94
379 80
380 117
381 95
382 0
383 144
384 48
385 0
386 117
387 240
388 0
389 18
390 5
391 185
392 117
393 93
394 0
395 117
396 94
397 252
398 117
399 95
400 0
401 144
402 251
403 0
404 117
405 240
406 0
407 18
408 7
409 3
410 117
411 95
412 0
413 117
414 96
415 251
416 117
417 97
418 0
419 117
420 93
421 0
422 117
423 94
424 1
425 117
426 98
427 0
428 144
429 49
430 0
431 117
432 240
433 0
434 18
435 8
436 136
437 117
438 93
439 0
440 117
441 94
442 252
443 117
444 95
445 0
446 144
447 251
448 0
449 117
450 240
451 0
452 18
453 5
454 185
455 117
456 93
457 0
458 117
459 94
460 253
461 117
462 95
463 0
464 144
465 252
466 0
467 117
468 240
469 0
470 18
471 7
472 3
473 117
474 95
475 0
476 117
477 96
478 252
479 117
480 97
481 0
482 117
483 93
484 0
485 117
486 94
487 1
488 117
489 98
490 0
491 144
492 50
493 0
494 117
495 240
496 0
497 18
498 8
499 136
500 117
501 93
502 0
503 117
504 94
505 253
506 117
507 95
508 0
509 144
510 252
511 0
512 117
513 240
514 0
515 18
516 5
517 185
518 117
519 38
520 0
521 117
522 39
523 2
524 144
525 251
526 0
527 117
528 240
529 0
530 18
531 9
532 94
533 125
534 0
535 126
536 0
537 141
538 130
539 116
540 225
541 46
542 245
543 131
544 224
545 252
546 237
547 36
548 170
549 245
550 130
551 238
552 52
553 18
554 245
555 131
556 228
557 147
558 251
559 236
560 181
561 3
562 2
563 128
564 9
565 144
566 18
567 221
568 117
569 240
570 128
571 2
572 0
573 182
574 13
575 189
576 0
577 1
578 14
579 195
580 237
581 148
582 20
583 238
584 148
585 0
586 64
587 205
588 144
589 51
590 0
591 117
592 240
593 0
594 18
595 18
596 138
597 245
598 12
599 163
600 18
601 18
602 138
603 245
604 13
605 116
606 0
607 195
608 148
609 0
610 251
611 116
612 49
613 148
614 48
615 252
616 116
617 32
618 195
619 155
620 251
621 116
622 3
623 156
624 252
625 229
626 12
627 36
628 255
629 245
630 93
631 229
632 13
633 52
634 255
635 245
636 94
637 144
638 0
639 28
640 192
641 4
642 192
643 3
644 18
645 18
646 109
647 169
648 130
649 170
650 131
651 208
652 3
653 208
654 4
655 233
656 43
657 245
658 17
659 234
660 60
661 245
662 18
663 195
664 228
665 149
666 17
667 116
668 32
669 149
670 18
671 80
672 9
673 144
674 18
675 239
676 117
677 240
678 128
679 2
680 0
681 182
682 133
683 17
684 88
685 133
686 18
687 89
688 117
689 90
690 0
691 117
692 91
693 48
694 117
695 92
696 0
697 144
698 49
699 0
700 117
701 240
702 0
703 18
704 17
705 200
706 229
707 130
708 112
709 9
710 144
711 19
712 0
713 117
714 240
715 128
716 2
717 0
718 182
719 229
720 12
721 69
722 13
723 112
724 1
725 34
726 117
727 93
728 1
729 117
730 94
731 48
732 117
733 95
734 0
735 144
736 0
737 1
738 117
739 240
740 0
741 18
742 7
743 3
744 116
745 4
746 36
747 0
748 245
749 14
750 116
751 3
752 52
753 48
754 245
755 15
756 117
757 16
758 0
759 133
760 12
761 93
762 133
763 13
764 94
765 144
766 0
767 28
768 18
769 18
770 109
771 170
772 130
773 175
774 131
775 234
776 37
777 14
778 248
779 239
780 53
781 15
782 249
783 174
784 16
785 136
786 19
787 137
788 20
789 142
790 21
791 133
792 14
793 25
794 133
795 15
796 26
797 133
798 16
799 27
800 228
801 245
802 8
803 245
804 9
805 195
806 229
807 8
808 149
809 12
810 229
811 9
812 149
813 13
814 64
815 3
816 2
817 4
818 51
819 116
820 4
821 37
822 25
823 248
824 228
825 53
826 26
827 249
828 174
829 27
830 136
831 130
832 137
833 131
834 142
835 240
836 18
837 18
838 138
839 245
840 17
841 163
842 18
843 18
844 138
845 245
846 18
847 133
848 25
849 130
850 133
851 26
852 131
853 133
854 27
855 240
856 18
857 18
858 138
859 245
860 22
861 163
862 18
863 18
864 138
865 245
866 23
867 229
868 17
869 37
870 19
871 245
872 28
873 229
874 18
875 53
876 20
877 245
878 29
879 133
880 21
881 30
882 192
883 28
884 192
885 29
886 192
887 30
888 144
889 80
890 0
891 117
892 240
893 0
894 18
895 0
896 6
897 21
898 129
899 21
900 129
901 21
902 129
903 64
904 29
905 168
906 28
907 169
908 29
909 174
910 30
911 192
912 19
913 192
914 20
915 192
916 21
917 136
918 130
919 137
920 131
921 142
922 240
923 18
924 0
925 6
926 21
927 129
928 21
929 129
930 21
931 129
932 80
933 9
934 144
935 19
936 19
937 117
938 240
939 128
940 2
941 0
942 182
943 229
944 22
945 37
946 17
947 253
948 229
949 23
950 53
951 18
952 254
953 195
954 228
955 157
956 116
957 48
958 158
959 64
960 19
961 229
962 17
963 37
964 22
965 253
966 229
967 18
968 53
969 23
970 254
971 195
972 237
973 149
974 22
975 238
976 149
977 23
978 80
979 9
980 144
981 19
982 46
983 117
984 240
985 128
986 2
987 0
988 182
989 229
990 17
991 69
992 18
993 96
994 46
995 229
996 22
997 36
998 1
999 253
1000 229
1001 23
1002 52
1003 0
1004 254
1005 141
1006 95
1007 142
1008 96
1009 117
1010 97
1011 0
1012 133
1013 17
1014 93
1015 133
1016 18
1017 94
1018 117
1019 98
1020 0
1021 133
1022 19
1023 130
1024 133
1025 20
1026 131
1027 133
1028 21
1029 240
1030 192
1031 7
1032 192
1033 2
1034 18
1035 8
1036 136
1037 208
1038 2
1039 208
1040 7
1041 229
1042 17
1043 37
1044 19
1045 245
1046 19
1047 229
1048 18
1049 53
1050 20
1051 245
1052 20
1053 116
1054 28
1055 37
1056 25
1057 245
1058 25
1059 228
1060 53
1061 26
1062 245
1063 26
1064 5
1065 8
1066 228
1067 181
1068 8
1069 2
1070 5
1071 9
1072 2
1073 3
1074 37
1075 117
1076 93
1077 1
1078 117
1079 94
1080 48
1081 117
1082 95
1083 0
1084 144
1085 0
1086 1
1087 117
1088 240
1089 0
1090 192
1091 7
1092 192
1093 2
1094 18
1095 5
1096 185
1097 208
1098 2
1099 208
1100 7
1101 116
1102 4
1103 36
1104 0
1105 245
1106 14
1107 116
1108 3
1109 52
1110 48
1111 245
1112 15
1113 117
1114 16
1115 0
1116 234
1117 37
1118 14
1119 250
1120 239
1121 53
1122 15
1123 255
1124 174
1125 16
1126 138
1127 19
1128 143
1129 20
1130 142
1131 21
1132 173
1133 14
1134 174
1135 15
1136 175
1137 16
1138 228
1139 245
1140 8
1141 245
1142 9
1143 195
1144 229
1145 8
1146 149
1147 12
1148 229
1149 9
1150 149
1151 13
1152 64
1153 3
1154 2
1155 5
1156 88
1157 116
1158 4
1159 45
1160 248
1161 228
1162 62
1163 249
1164 143
1165 2
1166 136
1167 130
1168 137
1169 131
1170 138
1171 240
1172 18
1173 18
1174 138
1175 245
1176 17
1177 163
1178 18
1179 18
1180 138
1181 245
1182 18
1183 141
1184 130
1185 142
1186 131
1187 143
1188 240
1189 18
1190 18
1191 138
1192 249
1193 163
1194 18
1195 18
1196 138
1197 250
1198 233
1199 36
1200 1
1201 249
1202 234
1203 52
1204 0
1205 248
1206 122
1207 0
1208 133
1209 17
1210 38
1211 133
1212 18
1213 39
1214 137
1215 130
1216 136
1217 131
1218 138
1219 240
1220 192
1221 7
1222 192
1223 6
1224 192
1225 5
1226 18
1227 9
1228 94
1229 208
1230 5
1231 208
1232 6
1233 208
1234 7
1235 116
1236 8
1237 45
1238 248
1239 228
1240 62
1241 249
1242 143
1243 2
1244 228
1245 245
1246 10
1247 245
1248 11
1249 192
1250 5
1251 192
1252 6
1253 192
1254 7
1255 133
1256 10
1257 130
1258 116
1259 225
1260 37
1261 11
1262 245
1263 131
1264 224
1265 252
1266 229
1267 10
1268 40
1269 251
1270 229
1271 11
1272 57
1273 254
1274 138
1275 7
1276 139
1277 130
1278 142
1279 131
1280 143
1281 240
1282 18
1283 18
1284 138
1285 251
1286 236
1287 181
1288 3
1289 8
1290 208
1291 7
1292 208
1293 6
1294 208
1295 5
1296 128
1297 15
1298 208
1299 7
1300 208
1301 6
1302 208
1303 5
1304 144
1305 19
1306 73
1307 117
1308 240
1309 128
1310 2
1311 0
1312 182
1313 5
1314 10
1315 228
1316 181
1317 10
1318 2
1319 5
1320 11
1321 195
1322 229
1323 10
1324 148
1325 20
1326 229
1327 11
1328 148
1329 0
1330 64
1331 173
1332 229
1333 17
1334 37
1335 19
1336 245
1337 19
1338 229
1339 18
1340 53
1341 20
1342 245
1343 20
1344 116
1345 28
1346 45
1347 253
1348 228
1349 62
1350 254
1351 141
1352 14
1353 142
1354 15
1355 143
1356 16
1357 5
1358 8
1359 228
1360 181
1361 8
1362 2
1363 5
1364 9
1365 2
1366 4
1367 119
1368 126
1369 0
1370 127
1371 0
1372 168
1373 14
1374 169
1375 15
1376 170
1377 16
1378 229
1379 19
1380 195
1381 152
1382 252
1383 229
1384 20
1385 153
1386 253
1387 195
1388 238
1389 156
1390 239
1391 157
1392 80
1393 55
1394 238
1395 36
1396 1
1397 245
1398 130
1399 239
1400 52
1401 0
1402 245
1403 131
1404 224
1405 253
1406 238
1407 40
1408 248
1409 239
1410 57
1411 249
1412 136
1413 130
1414 137
1415 131
1416 138
1417 240
1418 18
1419 18
1420 138
1421 248
1422 237
1423 181
1424 0
1425 2
1426 128
1427 14
1428 117
1429 24
1430 2
1431 144
1432 19
1433 94
1434 117
1435 240
1436 128
1437 18
1438 0
1439 182
1440 128
1441 7
1442 14
1443 190
1444 0
1445 182
1446 15
1447 128
1448 179
1449 116
1450 2
1451 181
1452 24
1453 2
1454 128
1455 3
1456 117
1457 24
1458 1
1459 133
1460 24
1461 128
1462 2
1463 0
1464 144
1465 133
1466 130
1467 96
1468 133
1469 131
1470 97
1471 133
1472 240
1473 98
1474 171
1475 96
1476 229
1477 97
1478 252
1479 196
1480 35
1481 84
1482 31
1483 249
1484 122
1485 0
1486 168
1487 93
1488 175
1489 94
1490 24
1491 184
1492 255
1493 1
1494 31
1495 239
1496 196
1497 35
1498 84
1499 31
1500 245
1501 99
1502 117
1503 100
1504 0
1505 140
1506 3
1507 124
1508 0
1509 116
1510 7
1511 91
1512 245
1513 101
1514 140
1515 102
1516 143
1517 0
1518 127
1519 0
1520 116
1521 7
1522 88
1523 245
1524 103
1525 143
1526 104
1527 192
1528 96
1529 192
1530 97
1531 192
1532 98
1533 133
1534 93
1535 130
1536 133
1537 94
1538 131
1539 133
1540 95
1541 240
1542 18
1543 0
1544 6
1545 21
1546 129
1547 21
1548 129
1549 21
1550 129
1551 80
1552 4
1553 144
1554 0
1555 0
1556 34
1557 233
1558 181
1559 99
1560 97
1561 234
1562 181
1563 100
1564 93
1565 233
1566 36
1567 128
1568 248
1569 234
1570 52
1571 255
1572 255
1573 233
1574 36
1575 128
1576 245
1577 130
1578 234
1579 52
1580 255
1581 245
1582 131
1583 224
1584 245
1585 106
1586 229
1587 103
1588 251
1589 4
1590 245
1591 240
1592 5
1593 240
1594 116
1595 1
1596 128
1597 2
1598 37
1599 224
1600 213
1601 240
1602 251
1603 245
1604 105
1605 133
1606 101
1607 240
1608 5
1609 240
1610 117
1611 107
1612 1
1613 117
1614 108
1615 0
1616 128
1617 11
1618 229
1619 107
1620 37
1621 107
1622 245
1623 107
1624 229
1625 108
1626 51
1627 245
1628 108
1629 213
1630 240
1631 242
1632 171
1633 105
1634 124
1635 0
1636 235
1637 195
1638 149
1639 107
1640 251
1641 236
1642 149
1643 108
1644 116
1645 255
1646 107
1647 85
1648 106
1649 252
1650 136
1651 130
1652 143
1653 131
1654 240
1655 2
1656 6
1657 255
1658 233
1659 36
1660 128
1661 252
1662 234
1663 52
1664 255
1665 255
1666 233
1667 36
1668 128
1669 245
1670 130
1671 234
1672 52
1673 255
1674 245
1675 131
1676 224
1677 251
1678 133
1679 101
1680 240
1681 5
1682 240
1683 120
1684 255
1685 126
1686 0
1687 128
1688 6
1689 232
1690 40
1691 248
1692 238
1693 51
1694 254
1695 213
1696 240
1697 247
1698 232
1699 82
1700 3
1701 140
1702 130
1703 143
1704 131
1705 235
1706 240
1707 137
1708 6
1709 138
1710 7
1711 195
1712 238
1713 149
1714 99
1715 239
1716 149
1717 100
1718 80
1719 19
1720 238
1721 36
1722 128
1723 245
1724 130
1725 239
1726 52
1727 255
1728 245
1729 131
1730 228
1731 240
1732 14
1733 190
1734 0
1735 231
1736 15
1737 128
1738 228
1739 229
1740 99
1741 36
1742 128
1743 254
1744 229
1745 100
1746 52
1747 255
1748 255
1749 229
1750 99
1751 36
1752 128
1753 245
1754 130
1755 229
1756 100
1757 52
1758 255
1759 245
1760 131
1761 224
1762 253
1763 229
1764 103
1765 248
1766 4
1767 245
1768 240
1769 5
1770 240
1771 116
1772 1
1773 128
1774 2
1775 37
1776 224
1777 213
1778 240
1779 251
1780 20
1781 100
1782 255
1783 82
1784 5
1785 142
1786 130
1787 143
1788 131
1789 237
1790 240
1791 144
1792 0
1793 1
1794 34
1795 133
1796 130
1797 96
1798 133
1799 131
1800 97
1801 133
1802 240
1803 98
1804 171
1805 96
1806 229
1807 97
1808 252
1809 196
1810 35
1811 84
1812 31
1813 249
1814 122
1815 0
1816 168
1817 93
1818 175
1819 94
1820 24
1821 184
1822 255
1823 1
1824 31
1825 239
1826 196
1827 35
1828 84
1829 31
1830 245
1831 99
1832 117
1833 100
1834 0
1835 140
1836 3
1837 124
1838 0
1839 116
1840 7
1841 91
1842 245
1843 101
1844 140
1845 102
1846 143
1847 0
1848 127
1849 0
1850 116
1851 7
1852 88
1853 245
1854 103
1855 143
1856 104
1857 192
1858 93
1859 192
1860 94
1861 192
1862 95
1863 133
1864 96
1865 130
1866 133
1867 97
1868 131
1869 133
1870 98
1871 240
1872 18
1873 0
1874 6
1875 21
1876 129
1877 21
1878 129
1879 21
1880 129
1881 64
1882 4
1883 144
1884 0
1885 0
1886 34
1887 233
1888 181
1889 99
1890 97
1891 234
1892 181
1893 100
1894 93
1895 233
1896 36
1897 128
1898 248
1899 234
1900 52
1901 255
1902 255
1903 233
1904 36
1905 128
1906 245
1907 130
1908 234
1909 52
1910 255
1911 245
1912 131
1913 224
1914 245
1915 106
1916 229
1917 103
1918 251
1919 4
1920 245
1921 240
1922 5
1923 240
1924 116
1925 1
1926 128
1927 2
1928 37
1929 224
1930 213
1931 240
1932 251
1933 245
1934 105
1935 133
1936 101
1937 240
1938 5
1939 240
1940 117
1941 107
1942 1
1943 117
1944 108
1945 0
1946 128
1947 11
1948 229
1949 107
1950 37
1951 107
1952 245
1953 107
1954 229
1955 108
1956 51
1957 245
1958 108
1959 213
1960 240
1961 242
1962 171
1963 105
1964 124
1965 0
1966 235
1967 195
1968 149
1969 107
1970 251
1971 236
1972 149
1973 108
1974 252
1975 229
1976 106
1977 66
1978 3
1979 136
1980 130
1981 143
1982 131
1983 235
1984 240
1985 2
1986 8
1987 72
1988 233
1989 36
1990 128
1991 252
1992 234
1993 52
1994 255
1995 255
1996 233
1997 36
1998 128
1999 245
2000 130
2001 234
2002 52
2003 255
2004 245
2005 131
2006 224
2007 251
2008 133
2009 101
2010 240
2011 5
2012 240
2013 120
2014 255
2015 126
2016 0
2017 128
2018 6
2019 232
2020 40
2021 248
2022 238
2023 51
2024 254
2025 213
2026 240
2027 247
2028 232
2029 66
2030 3
2031 140
2032 130
2033 143
2034 131
2035 235
2036 240
2037 137
2038 6
2039 138
2040 7
2041 195
2042 238
2043 149
2044 99
2045 239
2046 149
2047 100
2048 80
2049 20
2050 238
2051 36
2052 128
2053 245
2054 130
2055 239
2056 52
2057 255
2058 245
2059 131
2060 116
2061 255
2062 240
2063 14
2064 190
2065 0
2066 230
2067 15
2068 128
2069 227
2070 229
2071 99
2072 36
2073 128
2074 254
2075 229
2076 100
2077 52
2078 255
2079 255
2080 229
2081 99
2082 36
2083 128
2084 245
2085 130
2086 229
2087 100
2088 52
2089 255
2090 245
2091 131
2092 224
2093 253
2094 229
2095 103
2096 248
2097 4
2098 245
2099 240
2100 5
2101 240
2102 116
2103 1
2104 128
2105 2
2106 37
2107 224
2108 213
2109 240
2110 251
2111 20
2112 66
2113 5
2114 142
2115 130
2116 143
2117 131
2118 237
2119 240
2120 144
2121 0
2122 1
2123 34
2124 126
2125 0
2126 127
2127 0
2128 238
2129 36
2130 160
2131 245
2132 130
2133 239
2134 52
2135 255
2136 245
2137 131
2138 116
2139 255
2140 240
2141 14
2142 190
2143 0
2144 1
2145 15
2146 195
2147 238
2148 148
2149 32
2150 239
2151 148
2152 0
2153 64
2154 229
2155 34
2156 173
2157 130
2158 174
2159 131
2160 175
2161 240
2162 141
2163 31
2164 142
2165 32
2166 143
2167 33
2168 133
2169 93
2170 34
2171 133
2172 94
2173 35
2174 133
2175 96
2176 36
2177 133
2178 97
2179 37
2180 117
2181 130
2182 1
2183 34
2184 133
2185 130
2186 99
2187 133
2188 131
2189 100
2190 133
2191 240
2192 101
2193 229
2194 98
2195 112
2196 58
2197 251
2198 252
2199 195
2200 235
2201 149
2202 93
2203 236
2204 149
2205 94
2206 80
2207 46
2208 235
2209 37
2210 95
2211 248
2212 236
2213 53
2214 96
2215 249
2216 170
2217 97
2218 235
2219 37
2220 99
2221 253
2222 236
2223 53
2224 100
2225 254
2226 175
2227 101
2228 141
2229 130
2230 142
2231 131
2232 143
2233 240
2234 18
2235 18
2236 138
2237 253
2238 136
2239 130
2240 137
2241 131
2242 138
2243 240
2244 18
2245 18
2246 82
2247 11
2248 187
2249 0
2250 204
2251 12
2252 128
2253 201
2254 34
2255 173
2256 99
2257 174
2258 100
2259 144
2260 249
2261 242
2262 237
2263 240
2264 238
2265 163
2266 240
2267 174
2268 95
2269 175
2270 96
2271 144
2272 249
2273 244
2274 238
2275 240
2276 239
2277 163
2278 240
2279 144
2280 249
2281 246
2282 229
2283 93
2284 240
2285 229
2286 94
2287 163
2288 240
2289 229
2290 98
2291 37
2292 98
2293 255
2294 67
2295 7
2296 1
2297 144
2298 249
2299 240
2300 239
2301 240
2302 144
2303 249
2304 241
2305 224
2306 112
2307 250
2308 34
2309 126
2310 222
2311 127
2312 0
2313 124
2314 222
2315 125
2316 0
2317 116
2318 1
2319 37
2320 31
2321 249
2322 228
2323 53
2324 32
2325 250
2326 171
2327 33
2328 236
2329 41
2330 249
2331 237
2332 58
2333 250
2334 137
2335 130
2336 138
2337 131
2338 139
2339 240
2340 18
2341 18
2342 138
2343 249
2344 185
2345 1
2346 2
2347 128
2348 44
2349 116
2350 1
2351 37
2352 31
2353 249
2354 228
2355 53
2356 32
2357 250
2358 171
2359 33
2360 236
2361 41
2362 249
2363 237
2364 58
2365 250
2366 137
2367 130
2368 138
2369 131
2370 139
2371 240
2372 18
2373 18
2374 138
2375 96
2376 4
2377 144
2378 255
2379 255
2380 34
2381 28
2382 188
2383 255
2384 1
2385 29
2386 140
2387 6
2388 237
2389 255
2390 48
2391 231
2392 180
2393 142
2394 130
2395 143
2396 131
2397 34
2398 133
2399 130
2400 40
2401 133
2402 131
2403 41
2404 133
2405 240
2406 42
2407 144
2408 254
2409 2
2410 224
2411 251
2412 163
2413 224
2414 252
2415 235
2416 181
2417 34
2418 22
2419 236
2420 181
2421 35
2422 18
2423 144
2424 254
2425 4
2426 224
2427 251
2428 163
2429 224
2430 252
2431 235
2432 181
2433 36
2434 6
2435 236
2436 181
2437 37
2438 2
2439 128
2440 1
2441 34
2442 116
2443 8
2444 37
2445 38
2446 251
2447 228
2448 53
2449 39
2450 252
2451 83
2452 3
2453 192
2454 116
2455 64
2456 43
2457 251
2458 228
2459 60
2460 252
2461 168
2462 34
2463 169
2464 35
2465 122
2466 0
2467 235
2468 37
2469 34
2470 254
2471 236
2472 53
2473 35
2474 255
2475 142
2476 93
2477 143
2478 94
2479 138
2480 95
2481 136
2482 130
2483 137
2484 131
2485 138
2486 240
2487 192
2488 4
2489 192
2490 3
2491 18
2492 7
2493 3
2494 208
2495 3
2496 208
2497 4
2498 173
2499 34
2500 174
2501 35
2502 127
2503 0
2504 192
2505 40
2506 192
2507 41
2508 192
2509 42
2510 141
2511 130
2512 142
2513 131
2514 143
2515 240
2516 18
2517 0
2518 6
2519 21
2520 129
2521 21
2522 129
2523 21
2524 129
2525 96
2526 41
2527 229
2528 38
2529 69
2530 39
2531 96
2532 35
2533 133
2534 38
2535 93
2536 133
2537 39
2538 94
2539 141
2540 95
2541 142
2542 96
2543 143
2544 97
2545 117
2546 98
2547 0
2548 133
2549 40
2550 130
2551 133
2552 41
2553 131
2554 133
2555 42
2556 240
2557 192
2558 4
2559 192
2560 3
2561 18
2562 8
2563 136
2564 208
2565 3
2566 208
2567 4
2568 229
2569 38
2570 37
2571 34
2572 254
2573 229
2574 39
2575 53
2576 35
2577 255
2578 142
2579 130
2580 143
2581 131
2582 116
2583 128
2584 240
2585 125
2586 0
2587 235
2588 37
2589 34
2590 249
2591 236
2592 53
2593 35
2594 250
2595 137
2596 93
2597 138
2598 94
2599 141
2600 95
2601 142
2602 130
2603 143
2604 131
2605 141
2606 240
2607 192
2608 4
2609 192
2610 3
2611 18
2612 7
2613 3
2614 208
2615 3
2616 208
2617 4
2618 116
2619 1
2620 37
2621 38
2622 254
2623 228
2624 53
2625 39
2626 255
2627 195
2628 238
2629 155
2630 239
2631 156
2632 80
2633 19
2634 238
2635 37
2636 34
2637 245
2638 130
2639 239
2640 53
2641 35
2642 245
2643 131
2644 228
2645 240
2646 14
2647 190
2648 0
2649 233
2650 15
2651 128
2652 230
2653 235
2654 37
2655 34
2656 254
2657 236
2658 53
2659 35
2660 255
2661 238
2662 36
2663 255
2664 245
2665 130
2666 239
2667 52
2668 255
2669 245
2670 131
2671 229
2672 38
2673 196
2674 3
2675 84
2676 248
2677 240
2678 238
2679 36
2680 254
2681 245
2682 130
2683 239
2684 52
2685 255
2686 245
2687 131
2688 170
2689 38
2690 229
2691 39
2692 196
2693 3
2694 202
2695 196
2696 3
2697 84
2698 7
2699 106
2700 202
2701 84
2702 7
2703 202
2704 106
2705 202
2706 234
2707 240
2708 238
2709 36
2710 253
2711 245
2712 130
2713 239
2714 52
2715 255
2716 245
2717 131
2718 229
2719 39
2720 196
2721 3
2722 84
2723 7
2724 250
2725 228
2726 234
2727 240
2728 169
2729 34
2730 170
2731 35
2732 125
2733 0
2734 142
2735 93
2736 143
2737 94
2738 141
2739 95
2740 137
2741 130
2742 138
2743 131
2744 141
2745 240
2746 192
2747 4
2748 192
2749 3
2750 18
2751 5
2752 185
2753 173
2754 36
2755 174
2756 37
2757 127
2758 0
2759 116
2760 20
2761 37
2762 36
2763 249
2764 228
2765 53
2766 37
2767 250
2768 137
2769 93
2770 138
2771 94
2772 143
2773 95
2774 141
2775 130
2776 142
2777 131
2778 143
2779 240
2780 18
2781 7
2782 3
2783 117
2784 93
2785 6
2786 117
2787 94
2788 254
2789 117
2790 95
2791 0
2792 144
2793 254
2794 0
2795 117
2796 240
2797 0
2798 18
2799 7
2800 3
2801 208
2802 3
2803 208
2804 4
2805 144
2806 254
2807 6
2808 235
2809 240
2810 236
2811 163
2812 240
2813 144
2814 254
2815 0
2816 116
2817 1
2818 240
2819 117
2820 144
2821 255
2822 144
2823 254
2824 1
2825 224
2826 112
2827 250
2828 117
2829 93
2830 6
2831 117
2832 94
2833 254
2834 245
2835 95
2836 144
2837 254
2838 0
2839 117
2840 240
2841 0
2842 18
2843 5
2844 185
2845 173
2846 36
2847 174
2848 37
2849 127
2850 0
2851 116
2852 20
2853 37
2854 36
2855 251
2856 228
2857 53
2858 37
2859 252
2860 139
2861 93
2862 140
2863 94
2864 143
2865 95
2866 141
2867 130
2868 142
2869 131
2870 143
2871 240
2872 2
2873 5
2874 185
2875 133
2876 130
2877 50
2878 133
2879 131
2880 51
2881 133
2882 240
2883 52
2884 170
2885 34
2886 171
2887 35
2888 124
2889 0
2890 229
2891 48
2892 37
2893 34
2894 248
2895 229
2896 49
2897 53
2898 35
2899 249
2900 116
2901 64
2902 40
2903 248
2904 228
2905 57
2906 249
2907 136
2908 93
2909 137
2910 94
2911 140
2912 95
2913 138
2914 130
2915 139
2916 131
2917 140
2918 240
2919 18
2920 7
2921 3
2922 123
2923 0
2924 124
2925 0
2926 195
2927 235
2928 149
2929 43
2930 236
2931 149
2932 44
2933 80
2934 44
2935 235
2936 37
2937 34
2938 249
2939 236
2940 53
2941 35
2942 250
2943 235
2944 37
2945 50
2946 248
2947 236
2948 53
2949 51
2950 254
2951 175
2952 52
2953 136
2954 130
2955 142
2956 131
2957 143
2958 240
2959 18
2960 18
2961 138
2962 248
2963 99
2964 0
2965 54
2966 137
2967 130
2968 138
2969 131
2970 232
2971 240
2972 11
2973 187
2974 0
2975 206
2976 12
2977 128
2978 203
2979 174
2980 43
2981 175
2982 44
2983 195
2984 238
2985 148
2986 64
2987 239
2988 148
2989 0
2990 80
2991 20
2992 238
2993 37
2994 34
2995 245
2996 130
2997 239
2998 53
2999 35
3000 245
3001 131
3002 116
3003 54
3004 240
3005 14
3006 190
3007 0
3008 230
3009 15
3010 128
3011 227
3012 126
3013 0
3014 127
3015 0
3016 195
3017 238
3018 149
3019 48
3020 239
3021 149
3022 49
3023 80
3024 47
3025 238
3026 37
3027 34
3028 252
3029 239
3030 53
3031 35
3032 253
3033 116
3034 64
3035 44
3036 252
3037 228
3038 61
3039 253
3040 238
3041 37
3042 45
3043 249
3044 239
3045 53
3046 46
3047 250
3048 171
3049 47
3050 137
3051 130
3052 138
3053 131
3054 139
3055 240
3056 18
3057 18
3058 138
3059 249
3060 140
3061 130
3062 141
3063 131
3064 240
3065 14
3066 190
3067 0
3068 203
3069 15
3070 128
3071 200
3072 173
3073 34
3074 174
3075 35
3076 127
3077 0
3078 116
3079 64
3080 37
3081 48
3082 245
3083 38
3084 228
3085 53
3086 49
3087 245
3088 39
3089 141
3090 130
3091 142
3092 131
3093 143
3094 240
3095 18
3096 9
3097 94
3098 173
3099 34
3100 174
3101 35
3102 127
3103 0
3104 116
3105 84
3106 37
3107 34
3108 251
3109 228
3110 53
3111 35
3112 252
3113 139
3114 93
3115 140
3116 94
3117 143
3118 95
3119 141
3120 130
3121 142
3122 131
3123 143
3124 240
3125 18
3126 7
3127 3
3128 126
3129 0
3130 127
3131 0
3132 195
3133 238
3134 149
3135 43
3136 239
3137 149
3138 44
3139 80
3140 44
3141 238
3142 37
3143 34
3144 252
3145 239
3146 53
3147 35
3148 253
3149 238
3150 37
3151 50
3152 249
3153 239
3154 53
3155 51
3156 250
3157 171
3158 52
3159 137
3160 130
3161 138
3162 131
3163 139
3164 240
3165 18
3166 18
3167 138
3168 249
3169 99
3170 1
3171 92
3172 140
3173 130
3174 141
3175 131
3176 233
3177 240
3178 14
3179 190
3180 0
3181 206
3182 15
3183 128
3184 203
3185 174
3186 43
3187 175
3188 44
3189 195
3190 238
3191 148
3192 64
3193 239
3194 148
3195 0
3196 80
3197 20
3198 238
3199 37
3200 34
3201 245
3202 130
3203 239
3204 53
3205 35
3206 245
3207 131
3208 116
3209 92
3210 240
3211 14
3212 190
3213 0
3214 230
3215 15
3216 128
3217 227
3218 126
3219 0
3220 127
3221 0
3222 238
3223 37
3224 34
3225 252
3226 239
3227 53
3228 35
3229 253
3230 116
3231 64
3232 44
3233 252
3234 228
3235 61
3236 253
3237 238
3238 37
3239 36
3240 245
3241 130
3242 239
3243 53
3244 37
3245 245
3246 131
3247 224
3248 251
3249 140
3250 130
3251 141
3252 131
3253 240
3254 14
3255 190
3256 0
3257 1
3258 15
3259 195
3260 238
3261 148
3262 20
3263 239
3264 148
3265 0
3266 64
3267 210
3268 173
3269 34
3270 174
3271 35
3272 127
3273 0
3274 117
3275 38
3276 84
3277 143
3278 39
3279 141
3280 130
3281 142
3282 131
3283 143
3284 240
3285 2
3286 9
3287 94
3288 173
3289 130
3290 174
3291 131
3292 175
3293 240
3294 195
3295 116
3296 20
3297 149
3298 53
3299 228
3300 149
3301 54
3302 80
3303 6
3304 117
3305 53
3306 20
3307 117
3308 54
3309 0
3310 116
3311 20
3312 37
3313 55
3314 245
3315 93
3316 228
3317 53
3318 56
3319 245
3320 94
3321 133
3322 57
3323 95
3324 133
3325 55
3326 130
3327 133
3328 56
3329 131
3330 133
3331 57
3332 240
3333 192
3334 7
3335 192
3336 6
3337 192
3338 5
3339 18
3340 7
3341 3
3342 208
3343 5
3344 208
3345 6
3346 208
3347 7
3348 133
3349 53
3350 93
3351 133
3352 54
3353 94
3354 133
3355 55
3356 95
3357 133
3358 56
3359 96
3360 133
3361 57
3362 97
3363 117
3364 98
3365 0
3366 141
3367 130
3368 142
3369 131
3370 143
3371 240
3372 18
3373 8
3374 136
3375 174
3376 53
3377 175
3378 54
3379 195
3380 238
3381 148
3382 20
3383 239
3384 148
3385 0
3386 80
3387 27
3388 238
3389 37
3390 55
3391 251
3392 239
3393 53
3394 56
3395 252
3396 173
3397 57
3398 139
3399 130
3400 140
3401 131
3402 141
3403 240
3404 228
3405 18
3406 18
3407 82
3408 14
3409 190
3410 0
3411 223
3412 15
3413 128
3414 220
3415 116
3416 20
3417 37
3418 55
3419 245
3420 93
3421 228
3422 53
3423 56
3424 245
3425 94
3426 133
3427 57
3428 95
3429 133
3430 55
3431 130
3432 133
3433 56
3434 131
3435 133
3436 57
3437 240
3438 2
3439 5
3440 185
3441 133
3442 130
3443 58
3444 133
3445 131
3446 59
3447 133
3448 240
3449 60
3450 117
3451 45
3452 140
3453 117
3454 46
3455 19
3456 117
3457 47
3458 128
3459 117
3460 43
3461 20
3462 117
3463 44
3464 0
3465 117
3466 48
3467 32
3468 117
3469 49
3470 0
3471 133
3472 58
3473 130
3474 133
3475 59
3476 131
3477 133
3478 60
3479 240
3480 18
3481 11
3482 59
3483 123
3484 0
3485 124
3486 0
3487 235
3488 36
3489 61
3490 249
3491 144
3492 254
3493 4
3494 224
3495 250
3496 163
3497 224
3498 255
3499 235
3500 42
3501 245
3502 130
3503 236
3504 63
3505 245
3506 131
3507 224
3508 255
3509 247
3510 11
3511 187
3512 0
3513 1
3514 12
3515 195
3516 235
3517 148
3518 20
3519 236
3520 148
3521 0
3522 64
3523 219
3524 117
3525 45
3526 108
3527 117
3528 46
3529 19
3530 117
3531 47
3532 128
3533 117
3534 43
3535 20
3536 117
3537 44
3538 0
3539 117
3540 48
3541 32
3542 117
3543 49
3544 0
3545 133
3546 58
3547 130
3548 133
3549 59
3550 131
3551 133
3552 60
3553 240
3554 18
3555 11
3556 59
3557 116
3558 20
3559 37
3560 58
3561 245
3562 93
3563 228
3564 53
3565 59
3566 245
3567 94
3568 133
3569 60
3570 95
3571 133
3572 58
3573 130
3574 133
3575 59
3576 131
3577 133
3578 60
3579 240
3580 18
3581 7
3582 3
3583 117
3584 93
3585 20
3586 117
3587 94
3588 0
3589 133
3590 58
3591 95
3592 133
3593 59
3594 96
3595 133
3596 60
3597 97
3598 117
3599 98
3600 0
3601 144
3602 0
3603 61
3604 117
3605 240
3606 64
3607 18
3608 8
3609 136
3610 116
3611 20
3612 37
3613 58
3614 245
3615 93
3616 228
3617 53
3618 59
3619 245
3620 94
3621 133
3622 60
3623 95
3624 133
3625 58
3626 130
3627 133
3628 59
3629 131
3630 133
3631 60
3632 240
3633 2
3634 5
3635 185
3636 116
3637 1
3638 37
3639 31
3640 245
3641 45
3642 228
3643 53
3644 32
3645 245
3646 46
3647 133
3648 33
3649 47
3650 117
3651 43
3652 20
3653 117
3654 44
3655 0
3656 117
3657 48
3658 239
3659 117
3660 49
3661 0
3662 144
3663 19
3664 172
3665 117
3666 240
3667 128
3668 18
3669 11
3670 59
3671 144
3672 253
3673 2
3674 224
3675 253
3676 163
3677 224
3678 254
3679 163
3680 224
3681 255
3682 144
3683 253
3684 2
3685 224
3686 250
3687 163
3688 224
3689 251
3690 163
3691 224
3692 252
3693 138
3694 93
3695 116
3696 1
3697 43
3698 245
3699 94
3700 140
3701 95
3702 141
3703 130
3704 142
3705 131
3706 143
3707 240
3708 18
3709 7
3710 3
3711 228
3712 245
3713 81
3714 245
3715 82
3716 116
3717 240
3718 37
3719 31
3720 251
3721 228
3722 53
3723 32
3724 252
3725 173
3726 33
3727 229
3728 81
3729 43
3730 251
3731 229
3732 82
3733 60
3734 252
3735 116
3736 240
3737 37
3738 31
3739 248
3740 228
3741 53
3742 32
3743 249
3744 170
3745 33
3746 229
3747 81
3748 40
3749 248
3750 229
3751 82
3752 57
3753 249
3754 144
3755 254
3756 4
3757 224
3758 254
3759 163
3760 224
3761 255
3762 229
3763 81
3764 46
3765 245
3766 130
3767 229
3768 82
3769 63
3770 245
3771 131
3772 224
3773 255
3774 136
3775 130
3776 137
3777 131
3778 138
3779 240
3780 18
3781 18
3782 138
3783 248
3784 98
3785 7
3786 139
3787 130
3788 140
3789 131
3790 141
3791 240
3792 239
3793 18
3794 18
3795 82
3796 5
3797 81
3798 228
3799 181
3800 81
3801 2
3802 5
3803 82
3804 195
3805 229
3806 81
3807 148
3808 16
3809 229
3810 82
3811 148
3812 0
3813 64
3814 157
3815 144
3816 253
3817 2
3818 224
3819 253
3820 163
3821 224
3822 254
3823 163
3824 224
3825 255
3826 144
3827 253
3828 2
3829 224
3830 250
3831 163
3832 224
3833 251
3834 163
3835 224
3836 252
3837 138
3838 93
3839 116
3840 1
3841 43
3842 245
3843 94
3844 140
3845 95
3846 141
3847 130
3848 142
3849 131
3850 143
3851 240
3852 18
3853 5
3854 185
3855 116
3856 240
3857 37
3858 31
3859 253
3860 228
3861 53
3862 32
3863 254
3864 175
3865 33
3866 117
3867 55
3868 224
3869 117
3870 56
3871 248
3872 117
3873 57
3874 0
3875 117
3876 53
3877 16
3878 117
3879 54
3880 0
3881 141
3882 130
3883 142
3884 131
3885 143
3886 240
3887 18
3888 12
3889 216
3890 144
3891 248
3892 224
3893 117
3894 240
3895 0
3896 18
3897 13
3898 113
3899 144
3900 253
3901 2
3902 224
3903 253
3904 163
3905 224
3906 254
3907 163
3908 224
3909 255
3910 144
3911 253
3912 2
3913 224
3914 250
3915 163
3916 224
3917 251
3918 163
3919 224
3920 252
3921 138
3922 93
3923 116
3924 1
3925 43
3926 245
3927 94
3928 140
3929 95
3930 141
3931 130
3932 142
3933 131
3934 143
3935 240
3936 18
3937 7
3938 3
3939 228
3940 245
3941 83
3942 245
3943 84
3944 245
3945 81
3946 245
3947 82
3948 195
3949 229
3950 81
3951 148
3952 239
3953 229
3954 82
3955 148
3956 0
3957 64
3958 3
3959 2
3960 16
3961 72
3962 116
3963 20
3964 181
3965 83
3966 6
3967 228
3968 181
3969 84
3970 2
3971 128
3972 2
3973 128
3974 94
3975 144
3976 253
3977 2
3978 224
3979 249
3980 163
3981 224
3982 250
3983 163
3984 224
3985 251
3986 144
3987 253
3988 2
3989 224
3990 248
3991 163
3992 224
3993 252
3994 163
3995 224
3996 253
3997 136
3998 93
3999 116
4000 1
4001 44
4002 245
4003 94
4004 141
4005 95
4006 137
4007 130
4008 138
4009 131
4010 139
4011 240
4012 18
4013 5
4014 185
4015 144
4016 248
4017 224
4018 117
4019 240
4020 0
4021 18
4022 13
4023 113
4024 228
4025 245
4026 83
4027 245
4028 84
4029 144
4030 253
4031 2
4032 224
4033 251
4034 163
4035 224
4036 252
4037 163
4038 224
4039 253
4040 144
4041 253
4042 2
4043 224
4044 248
4045 163
4046 224
4047 249
4048 163
4049 224
4050 250
4051 136
4052 93
4053 116
4054 1
4055 41
4056 245
4057 94
4058 138
4059 95
4060 139
4061 130
4062 140
4063 131
4064 141
4065 240
4066 18
4067 7
4068 3
4069 116
4070 1
4071 37
4072 31
4073 251
4074 228
4075 53
4076 32
4077 252
4078 173
4079 33
4080 229
4081 81
4082 43
4083 251
4084 229
4085 82
4086 60
4087 252
4088 116
4089 1
4090 37
4091 31
4092 248
4093 228
4094 53
4095 32
4096 249
4097 170
4098 33
4099 229
4100 81
4101 40
4102 248
4103 229
4104 82
4105 57
4106 249
4107 144
4108 254
4109 4
4110 224
4111 254
4112 163
4113 224
4114 255
4115 229
4116 83
4117 46
4118 245
4119 130
4120 229
4121 84
4122 63
4123 245
4124 131
4125 224
4126 255
4127 136
4128 130
4129 137
4130 131
4131 138
4132 240
4133 18
4134 18
4135 138
4136 248
4137 98
4138 7
4139 139
4140 130
4141 140
4142 131
4143 141
4144 240
4145 239
4146 18
4147 18
4148 82
4149 5
4150 81
4151 228
4152 181
4153 81
4154 2
4155 5
4156 82
4157 5
4158 83
4159 228
4160 181
4161 83
4162 2
4163 5
4164 84
4165 2
4166 15
4167 108
4168 144
4169 253
4170 2
4171 224
4172 253
4173 163
4174 224
4175 254
4176 163
4177 224
4178 255
4179 144
4180 253
4181 2
4182 224
4183 250
4184 163
4185 224
4186 251
4187 163
4188 224
4189 252
4190 138
4191 93
4192 116
4193 1
4194 43
4195 245
4196 94
4197 140
4198 95
4199 141
4200 130
4201 142
4202 131
4203 143
4204 240
4205 2
4206 5
4207 185
4208 133
4209 130
4210 85
4211 133
4212 131
4213 86
4214 133
4215 240
4216 87
4217 144
4218 253
4219 2
4220 224
4221 250
4222 163
4223 224
4224 251
4225 163
4226 224
4227 252
4228 168
4229 31
4230 169
4231 32
4232 175
4233 33
4234 192
4235 0
4236 192
4237 1
4238 192
4239 7
4240 138
4241 130
4242 139
4243 131
4244 140
4245 240
4246 18
4247 0
4248 6
4249 21
4250 129
4251 21
4252 129
4253 21
4254 129
4255 96
4256 4
4257 144
4258 255
4259 255
4260 34
4261 192
4262 85
4263 192
4264 86
4265 192
4266 87
4267 144
4268 250
4269 0
4270 117
4271 240
4272 0
4273 18
4274 0
4275 6
4276 21
4277 129
4278 21
4279 129
4280 21
4281 129
4282 96
4283 66
4284 117
4285 93
4286 0
4287 117
4288 94
4289 251
4290 117
4291 95
4292 0
4293 144
4294 250
4295 0
4296 117
4297 240
4298 0
4299 18
4300 7
4301 3
4302 117
4303 95
4304 0
4305 117
4306 96
4307 250
4308 117
4309 97
4310 0
4311 117
4312 93
4313 0
4314 117
4315 94
4316 1
4317 117
4318 98
4319 0
4320 133
4321 85
4322 130
4323 133
4324 86
4325 131
4326 133
4327 87
4328 240
4329 18
4330 8
4331 136
4332 117
4333 93
4334 0
4335 117
4336 94
4337 251
4338 117
4339 95
4340 0
4341 144
4342 250
4343 0
4344 117
4345 240
4346 0
4347 18
4348 5
4349 185
4350 144
4351 253
4352 2
4353 224
4354 253
4355 163
4356 224
4357 254
4358 163
4359 224
4360 255
4361 144
4362 253
4363 2
4364 224
4365 250
4366 163
4367 224
4368 251
4369 163
4370 224
4371 252
4372 138
4373 93
4374 116
4375 1
4376 43
4377 245
4378 94
4379 140
4380 95
4381 141
4382 130
4383 142
4384 131
4385 143
4386 240
4387 18
4388 7
4389 3
4390 117
4391 93
4392 2
4393 117
4394 94
4395 253
4396 117
4397 95
4398 0
4399 144
4400 253
4401 0
4402 117
4403 240
4404 0
4405 18
4406 7
4407 3
4408 144
4409 253
4410 0
4411 116
4412 1
4413 240
4414 144
4415 253
4416 2
4417 224
4418 253
4419 163
4420 224
4421 254
4422 163
4423 224
4424 255
4425 170
4426 31
4427 171
4428 32
4429 172
4430 33
4431 192
4432 2
4433 192
4434 3
4435 192
4436 4
4437 141
4438 130
4439 142
4440 131
4441 143
4442 240
4443 18
4444 0
4445 6
4446 21
4447 129
4448 21
4449 129
4450 21
4451 129
4452 96
4453 4
4454 144
4455 255
4456 255
4457 34
4458 144
4459 253
4460 1
4461 224
4462 112
4463 250
4464 117
4465 93
4466 2
4467 117
4468 94
4469 253
4470 245
4471 95
4472 144
4473 253
4474 0
4475 117
4476 240
4477 0
4478 18
4479 5
4480 185
4481 144
4482 253
4483 2
4484 224
4485 253
4486 163
4487 224
4488 254
4489 163
4490 224
4491 255
4492 144
4493 253
4494 2
4495 224
4496 250
4497 163
4498 224
4499 251
4500 163
4501 224
4502 252
4503 138
4504 93
4505 116
4506 1
4507 43
4508 245
4509 94
4510 140
4511 95
4512 141
4513 130
4514 142
4515 131
4516 143
4517 240
4518 18
4519 5
4520 185
4521 173
4522 31
4523 174
4524 32
4525 175
4526 33
4527 141
4528 130
4529 142
4530 131
4531 143
4532 240
4533 18
4534 18
4535 138
4536 253
4537 189
4538 1
4539 2
4540 128
4541 4
4542 144
4543 255
4544 255
4545 34
4546 18
4547 14
4548 52
4549 2
4550 9
4551 5
4552 173
4553 130
4554 174
4555 131
4556 175
4557 240
4558 133
4559 90
4560 130
4561 133
4562 91
4563 131
4564 133
4565 92
4566 240
4567 192
4568 7
4569 192
4570 6
4571 192
4572 5
4573 18
4574 16
4575 112
4576 171
4577 130
4578 172
4579 131
4580 208
4581 5
4582 208
4583 6
4584 208
4585 7
4586 187
4587 20
4588 5
4589 188
4590 0
4591 2
4592 128
4593 4
4594 117
4595 130
4596 0
4597 34
4598 133
4599 88
4600 38
4601 133
4602 89
4603 39
4604 141
4605 130
4606 142
4607 131
4608 143
4609 240
4610 18
4611 9
4612 94
4613 126
4614 0
4615 127
4616 0
4617 144
4618 254
4619 4
4620 224
4621 252
4622 163
4623 224
4624 253
4625 238
4626 44
4627 245
4628 130
4629 239
4630 61
4631 245
4632 131
4633 224
4634 253
4635 116
4636 1
4637 37
4638 31
4639 250
4640 228
4641 53
4642 32
4643 251
4644 172
4645 33
4646 238
4647 42
4648 250
4649 239
4650 59
4651 251
4652 138
4653 130
4654 139
4655 131
4656 140
4657 240
4658 18
4659 18
4660 138
4661 250
4662 237
4663 181
4664 2
4665 2
4666 128
4667 4
4668 117
4669 130
4670 0
4671 34
4672 14
4673 190
4674 0
4675 1
4676 15
4677 195
4678 238
4679 148
4680 20
4681 239
4682 148
4683 0
4684 64
4685 187
4686 117
4687 130
4688 1
4689 34
4690 32
4691 247
4692 17
4693 48
4694 246
4695 19
4696 136
4697 131
4698 168
4699 130
4700 32
4701 245
4702 9
4703 246
4704 168
4705 131
4706 117
4707 131
4708 0
4709 34
4710 128
4711 254
4712 242
4713 128
4714 245
4715 240
4716 34
4717 229
4718 130
4719 133
4720 93
4721 240
4722 164
4723 197
4724 130
4725 192
4726 240
4727 133
4728 94
4729 240
4730 164
4731 208
4732 240
4733 37
4734 240
4735 197
4736 131
4737 133
4738 93
4739 240
4740 164
4741 37
4742 131
4743 245
4744 131
4745 34
4746 32
4747 247
4748 20
4749 48
4750 246
4751 20
4752 136
4753 131
4754 168
4755 130
4756 32
4757 245
4758 7
4759 230
4760 168
4761 131
4762 117
4763 131
4764 0
4765 34
4766 226
4767 128
4768 247
4769 228
4770 147
4771 34
4772 224
4773 34
4774 117
4775 130
4776 0
4777 34
4778 55
4779 52
4780 166
4781 131
4782 95
4783 252
4784 224
4785 43
4786 198
4787 238
4788 203
4789 129
4790 108
4791 146
4792 108
4793 124
4794 186
4795 121
4796 203
4797 143
4798 105
4799 110
4800 118
4801 97
4802 108
4803 105
4804 100
4805 32
4806 105
4807 110
4808 112
4809 117
4810 116
4811 47
4812 111
4813 117
4814 116
4815 112
4816 117
4817 116
4818 32
4819 97
4820 100
4821 100
4822 114
4823 101
4824 115
4825 115
4826 101
4827 115
4828 0
4829 107
4830 101
4831 121
4832 32
4833 104
4834 97
4835 115
4836 104
4837 32
4838 109
4839 105
4840 115
4841 109
4842 97
4843 116
4844 99
4845 104
4846 0
4847 104
4848 101
4849 97
4850 100
4851 101
4852 114
4853 32
4854 116
4855 111
4856 111
4857 32
4858 108
4859 97
4860 114
4861 103
4862 101
4863 0
4864 115
4865 105
4866 103
4867 110
4868 97
4869 116
4870 117
4871 114
4872 101
4873 32
4874 109
4875 105
4876 115
4877 109
4878 97
4879 116
4880 99
4881 104
4882 0
4883 100
4884 97
4885 116
4886 97
4887 32
4888 100
4889 111
4890 101
4891 115
4892 32
4893 110
4894 111
4895 116
4896 32
4897 102
4898 105
4899 116
4900 32
4901 105
4902 110
4903 32
4904 105
4905 109
4906 97
4907 103
4908 101
4909 0
4910 112
4911 114
4912 111
4913 103
4914 114
4915 97
4916 109
4917 32
4918 119
4919 114
4920 105
4921 116
4922 101
4923 32
4924 111
4925 117
4926 116
4927 32
4928 111
4929 102
4930 32
4931 114
4932 97
4933 110
4934 103
4935 101
4936 0
4937 109
4938 111
4939 100
4940 117
4941 108
4942 101
4943 32
4944 104
4945 97
4946 115
4947 104
4948 32
4949 109
4950 105
4951 115
4952 109
4953 97
4954 116
4955 99
4956 104
4957 0
4958 108
4959 111
4960 97
4961 100
4962 32
4963 105
4964 115
4965 32
4966 119
4967 114
4968 111
4969 110
4970 103
4971 0
4972 152
4973 188
4974 27
4975 88
4976 194
4977 91
4978 123
4979 81
4980 72
4981 20
4982 131
4983 167
4984 234
4985 219
4986 21
4987 46
4988 206
4989 122
4990 225
4991 12
4992 247
4993 29
4994 150
4995 222
4996 222
4997 22
4998 104
4999 97
5000 72
5001 37
5002 153
5003 102
5004 162
5005 102
5006 149
5007 83
5008 14
5009 19
5010 86
5011 169
5012 223
5013 66
5014 111
5015 15
5016 116
5017 164
5018 6
5019 255
5020 160
5021 109
5022 7
5023 23
5024 48
5025 174
5026 22
5027 210
5028 135
5029 118
5030 138
5031 155
5032 146
5033 174
5034 54
5035 185
5036 102
5037 2
5038 93
5039 201
5040 128
5041 72
5042 165
5043 159
5044 44
5045 179
5046 170
5047 108
5048 26
5049 129
5050 169
5051 170
5052 232
5053 147
5054 33
5055 14
